schema_version: 2
character_pos: [0.4343220338983051, 0.4919678714859438]
vision_sizes:
  小:
    block_size: [0.09021892655367232, 0.08013303212851405]
    move_max_num: 8
    vision_delta_limit: 8
  中:
    block_size: [0.10520833333333333, 0.09351851851851851]
    move_max_num: 10
    vision_delta_limit: 8
ui_positions:
  package_btn: [0.2056, 0.9548]
  ticket_btn: [0.2887, 0.8143]
  blank_btn: [0.8282, 0.9578]
  buy_increase_btn: [0.8655, 0.5843]
  buy_confirm_btn: [0.7797, 0.8193]
  buy_exit_btn: [0.9571, 0.8795]
  chat_btn:
    first: [0.6056, 0.4327]
    second: [0.6073, 0.5351]
    count: 6
  table_btn:
    first: [0.9299, 0.4679]
    second: [0.9311, 0.5442]
    count: 6
  buy_item_grid:
    cols: 2
    rows: 4
    first: [0.2949, 0.2992]
    second: [0.5407, 0.747]
    second_index: 8
click_delays: {default: 0.65, blank_skip: 0.4, buy_confirm: 1.0, buy_exit: 1.2, open_package: 0.8,
  ticket: 1.0}
minimap_coord_roi: [0.9361581920903955, 0.3072289156626506, 0.9824858757062147, 0.33634538152610444]
map_view_area: [0.06532485875706215, 0.18753137550200805, 0.804643361581921, 0.8760353915662651]
click_templates:
  加速对话: {position_preset: blank_btn, delay: 0.30000000000000004}
